0 0.253125 0.65859375 0.134375 0.04375
0 0.29140625 0.5484375 0.0703125 0.0703125
0 0.35859375 0.478125 0.04375 0.0375
0 0.41328125 0.3765625 0.053125 0.0328125
0 0.38515625 0.828125 0.0765625 0.0578125
0 0.425 0.5296875 0.05 0.046875
0 0.4234375 0.5953125 0.040625 0.0640625
0 0.578125 0.396875 0.0703125 0.1
0 0.578125 0.21328125 0.0640625 0.0671875
0 0.51171875 0.31484375 0.05 0.0765625
0 0.4765625 0.6953125 0.0203125 0.04375
0 0.39140625 0.88515625 0.0578125 0.04375
0 0.46640625 0.46796875 0.040625 0.0234375
0 0.5046875 0.95703125 0.04375 0.0265625
0 0.46015625 0.5703125 0.034375 0.046875