0 0.4234375 0.278125 0.09375 0.04375
0 0.4453125 0.6046875 0.1171875 0.1171875
0 0.51640625 0.4015625 0.0609375 0.0578125
0 0.553125 0.46640625 0.0796875 0.040625
0 0.571875 0.53359375 0.1234375 0.040625
0 0.61171875 0.58359375 0.0703125 0.040625
0 0.63515625 0.771875 0.1109375 0.05
0 0.66328125 0.68828125 0.046875 0.0765625
0 0.21484375 0.09296875 0.1109375 0.09375
0 0.33203125 0.05 0.084375 0.0609375
0 0.36796875 0.1515625 0.084375 0.0703125
0 0.33828125 0.41171875 0.096875 0.0625
0 0.5765625 0.6453125 0.10625 0.0625