0 0.23203125 0.55 0.15 0.1140625
0 0.2015625 0.69140625 0.103125 0.04375
0 0.35 0.68515625 0.1671875 0.0578125
0 0.48671875 0.51328125 0.1 0.040625
0 0.48984375 0.43359375 0.0796875 0.034375
0 0.21484375 0.34140625 0.0703125 0.0375
0 0.253125 0.4546875 0.1078125 0.04375
0 0.75703125 0.9 0.1 0.053125
0 0.36171875 0.28515625 0.0765625 0.0765625
0 0.63671875 0.35 0.1078125 0.1140625
0 0.56796875 0.58203125 0.103125 0.084375
0 0.36484375 0.1796875 0.090625 0.0671875
0 0.7796875 0.7203125 0.053125 0.034375
0 0.5703125 0.125 0.0671875 0.0765625
0 0.85 0.953125 0.0609375 0.046875
0 0.5 0.053125 0.1078125 0.046875