0 0.26015625 0.30859375 0.1 0.05
0 0.4765625 0.69296875 0.0734375 0.053125
0 0.56484375 0.81171875 0.096875 0.05
0 0.68828125 0.71796875 0.0703125 0.0578125
0 0.61015625 0.65859375 0.09375 0.0578125
0 0.46796875 0.5234375 0.096875 0.0609375
0 0.1203125 0.2234375 0.1203125 0.053125
0 0.20859375 0.21640625 0.05 0.046875
0 0.3515625 0.46796875 0.103125 0.0578125
0 0.34296875 0.328125 0.053125 0.0375
0 0.3546875 0.38671875 0.0578125 0.040625
0 0.4265625 0.66640625 0.046875 0.034375
0 0.66796875 0.64296875 0.05 0.053125
0 0.14140625 0.18359375 0.0890625 0.040625