0 0.29140625 0.45 0.1109375 0.09375
0 0.23828125 0.35859375 0.0640625 0.04375
0 0.4015625 0.3984375 0.04375 0.05
0 0.3546875 0.5984375 0.0578125 0.04375
0 0.43203125 0.58828125 0.103125 0.0703125
0 0.78828125 0.85859375 0.0828125 0.084375
0 0.46171875 0.4546875 0.0375 0.084375
0 0.146875 0.278125 0.046875 0.0296875
0 0.3546875 0.2796875 0.0703125 0.0875
0 0.125 0.171875 0.0578125 0.05
0 0.18203125 0.23359375 0.0640625 0.046875
0 0.18671875 0.13203125 0.0671875 0.05
0 0.35703125 0.33984375 0.046875 0.0203125
0 0.86171875 0.8515625 0.04375 0.0296875
0 0.8546875 0.9515625 0.05 0.05
0 0.778125 0.80703125 0.0296875 0.0203125
0 0.68359375 0.61328125 0.034375 0.040625