0 0.6515625 0.64140625 0.0765625 0.05
0 0.76015625 0.6296875 0.059375 0.034375
0 0.846875 0.64296875 0.0734375 0.040625
0 0.346875 0.80703125 0.1078125 0.034375
0 0.85703125 0.50703125 0.1 0.046875
0 0.0546875 0.51640625 0.090625 0.0203125
0 0.48359375 0.275 0.1203125 0.05
0 0.046875 0.275 0.0875 0.05
0 0.7296875 0.0953125 0.0796875 0.0640625
0 0.6046875 0.06171875 0.109375 0.0640625
0 0.44296875 0.04296875 0.1265625 0.040625
0 0.33203125 0.0984375 0.103125 0.04375
0 0.26171875 0.06015625 0.084375 0.0328125
0 0.18203125 0.06796875 0.05 0.0359375
0 0.9234375 0.23203125 0.1265625 0.0171875
0 0.1234375 0.68359375 0.1078125 0.0265625
0 0.31640625 0.23984375 0.0796875 0.0140625