0 0.7046875 0.46640625 0.0578125 0.0609375
0 0.746875 0.58828125 0.0734375 0.05
0 0.79296875 0.70703125 0.0796875 0.0609375
0 0.5515625 0.78203125 0.1234375 0.1296875
0 0.4984375 0.578125 0.05 0.14375
0 0.5796875 0.16484375 0.053125 0.04375
0 0.63515625 0.24140625 0.04375 0.04375
0 0.39296875 0.33671875 0.0609375 0.046875
0 0.46484375 0.45703125 0.0640625 0.0734375
0 0.825 0.7796875 0.084375 0.0734375
0 0.59296875 0.975 0.034375 0.04375
0 0.2234375 0.1296875 0.040625 0.040625
0 0.675 0.36171875 0.05 0.0296875