0 0.578125 0.48828125 0.0765625 0.05
0 0.61171875 0.73671875 0.14375 0.0875
0 0.66015625 0.8484375 0.1078125 0.1171875
0 0.53515625 0.88828125 0.090625 0.0578125
0 0.38984375 0.66328125 0.1265625 0.046875
0 0.43984375 0.775 0.1265625 0.1578125
0 0.26171875 0.28671875 0.084375 0.0609375
0 0.178125 0.175 0.090625 0.0640625
0 0.2953125 0.23515625 0.0703125 0.0578125
0 0.3484375 0.3765625 0.0703125 0.046875
0 0.34296875 0.4734375 0.0609375 0.040625
0 0.41328125 0.5015625 0.046875 0.0578125
0 0.33828125 0.5734375 0.084375 0.0671875
0 0.24140625 0.46640625 0.0765625 0.0609375
0 0.5515625 0.58359375 0.109375 0.10625
0 0.1453125 0.0484375 0.115625 0.090625
0 0.71015625 0.55 0.0734375 0.0390625
0 0.725 0.6203125 0.1109375 0.059375
0 0.75 0.6984375 0.09375 0.0828125
0 0.48515625 0.43515625 0.0703125 0.05
0 0.60703125 0.3046875 0.046875 0.05
0 0.53828125 0.321875 0.04375 0.05
0 0.61484375 0.39296875 0.0578125 0.046875
0 0.53359375 0.23359375 0.046875 0.053125