1 0.48984375 0.46171875 0.1078125 0.0640625
1 0.3796875 0.625 0.0859375 0.0578125
1 0.13359375 0.75859375 0.1078125 0.0625
1 0.81015625 0.71328125 0.1140625 0.0875
1 0.85859375 0.35859375 0.090625 0.0703125
1 0.571875 0.16328125 0.1171875 0.0671875
1 0.09296875 0.23671875 0.0875 0.0796875
1 0.31171875 0.328125 0.084375 0.04375
1 0.4953125 0.71171875 0.0703125 0.0625
1 0.63984375 0.71328125 0.059375 0.046875
1 0.71484375 0.56484375 0.0765625 0.0578125
1 0.0765625 0.61328125 0.1140625 0.0671875
1 0.021875 0.68828125 0.0375 0.0703125
1 0.50859375 0.921875 0.103125 0.0640625
1 0.06484375 0.88984375 0.090625 0.040625
1 0.28203125 0.04296875 0.084375 0.040625
1 0.46015625 0.5515625 0.0734375 0.04375
1 0.03203125 0.471875 0.0578125 0.05
1 0.8046875 0.55859375 0.0640625 0.04375