1 0.625 0.378125 0.0578125 0.05
1 0.2 0.58828125 0.0796875 0.05
1 0.31484375 0.21796875 0.090625 0.0703125
1 0.23828125 0.11328125 0.0640625 0.046875
1 0.13828125 0.16171875 0.0703125 0.0765625
1 0.11171875 0.26328125 0.0703125 0.053125
1 0.2703125 0.8046875 0.053125 0.05
1 0.0203125 0.38984375 0.034375 0.040625
1 0.8265625 0.078125 0.0734375 0.0578125
1 0.46484375 0.81171875 0.103125 0.0359375
1 0.5453125 0.51171875 0.04375 0.0296875
1 0.48828125 0.5734375 0.0375 0.034375
1 0.73359375 0.6546875 0.0671875 0.0171875
1 0.09140625 0.43828125 0.05 0.0296875