1 0.478125 0.196875 0.0703125 0.1265625
1 0.53984375 0.21171875 0.0265625 0.05625
1 0.471875 0.3203125 0.0296875 0.046875
1 0.528125 0.371875 0.05 0.084375
1 0.46171875 0.453125 0.0703125 0.09375
1 0.61640625 0.5265625 0.053125 0.0796875
1 0.4453125 0.60859375 0.05 0.0765625
1 0.4796875 0.88828125 0.053125 0.0703125
1 0.621875 0.63203125 0.0296875 0.0703125
1 0.6734375 0.496875 0.046875 0.0609375
1 0.68984375 0.55703125 0.040625 0.046875
1 0.61640625 0.228125 0.0390625 0.096875
1 0.63203125 0.31015625 0.0359375 0.046875
1 0.6796875 0.08984375 0.1078125 0.1203125
1 0.5265625 0.01796875 0.0390625 0.0296875
1 0.7234375 0.3703125 0.053125 0.1140625
1 0.628125 0.8484375 0.05 0.0640625
1 0.58984375 0.94140625 0.0796875 0.090625
1 0.5046875 0.79296875 0.0703125 0.1
1 0.51171875 0.5484375 0.0703125 0.0703125
1 0.546875 0.6546875 0.0796875 0.1171875
1 0.36015625 0.96484375 0.0203125 0.0640625
1 0.63671875 0.403125 0.134375 0.1140625
1 0.71796875 0.35 0.0359375 0.1078125
1 0.74296875 0.18671875 0.0203125 0.0265625
1 0.671875 0.2546875 0.04375 0.05
1 0.6734375 0.68984375 0.053125 0.09375
1 0.63515625 0.71171875 0.0359375 0.05
1 0.56796875 0.8015625 0.04375 0.1171875
1 0.36484375 0.84140625 0.05 0.05
1 0.59140625 0.078125 0.0578125 0.1109375