1 0.61171875 0.5234375 0.0828125 0.0609375
1 0.7734375 0.48359375 0.0875 0.0609375
1 0.46796875 0.61640625 0.084375 0.059375
1 0.44140625 0.68203125 0.0578125 0.04375
1 0.5015625 0.675 0.05 0.0359375
1 0.68359375 0.628125 0.053125 0.04375
1 0.1 0.475 0.09375 0.05
1 0.1984375 0.50859375 0.084375 0.04375
1 0.38828125 0.44296875 0.0625 0.053125
1 0.28828125 0.63203125 0.0625 0.0359375
1 0.296875 0.678125 0.053125 0.05
1 0.3703125 0.6234375 0.0796875 0.053125
1 0.1453125 0.625 0.0578125 0.05
1 0.06015625 0.596875 0.1078125 0.0671875
1 0.203125 0.55703125 0.1140625 0.046875
1 0.7796875 0.61796875 0.09375 0.05
1 0.63984375 0.71484375 0.10625 0.0578125
1 0.85859375 0.678125 0.05 0.0359375
1 0.93671875 0.6796875 0.053125 0.0875
1 0.86328125 0.478125 0.0734375 0.0578125
1 0.54296875 0.45703125 0.1140625 0.053125
1 0.36640625 0.521875 0.1265625 0.0578125
1 0.48203125 0.51015625 0.096875 0.0734375
1 0.975 0.53359375 0.05 0.040625
1 0.0265625 0.35 0.046875 0.0203125
1 0.153125 0.35703125 0.0328125 0.0328125