1 0.378125 0.3703125 0.0703125 0.0734375
1 0.225 0.69140625 0.096875 0.096875
1 0.59140625 0.80703125 0.0765625 0.1
1 0.08515625 0.1703125 0.090625 0.1
1 0.16796875 0.86171875 0.084375 0.0765625
1 0.11328125 0.753125 0.0734375 0.0671875
1 0.271875 0.88984375 0.0640625 0.0875
1 0.396875 0.9734375 0.0671875 0.046875
1 0.81015625 0.725 0.053125 0.0640625
1 0.43828125 0.90859375 0.05 0.04375
1 0.56640625 0.378125 0.053125 0.103125
1 0.65703125 0.25859375 0.053125 0.1171875
1 0.81171875 0.5234375 0.090625 0.146875