1 0.171875 0.43515625 0.1234375 0.109375
1 0.35703125 0.13203125 0.0796875 0.096875
1 0.725 0.18671875 0.0578125 0.09375
1 0.5546875 0.18515625 0.090625 0.0703125
1 0.56796875 0.278125 0.090625 0.0765625
1 0.71640625 0.35859375 0.0734375 0.0625
1 0.725 0.50703125 0.090625 0.0734375
1 0.4734375 0.5 0.1 0.1203125
1 0.63515625 0.61796875 0.1109375 0.0765625
1 0.33984375 0.68203125 0.1 0.103125
1 0.0734375 0.73359375 0.09375 0.1
1 0.23828125 0.9046875 0.096875 0.0703125
1 0.928125 0.51015625 0.0703125 0.10625
1 0.61640625 0.921875 0.1140625 0.096875
1 0.478125 0.95859375 0.0703125 0.0703125
1 0.7484375 0.86015625 0.0828125 0.0609375
1 0.88984375 0.91484375 0.053125 0.096875
1 0.71484375 0.971875 0.05 0.05