1 0.5015625 0.36796875 0.1375 0.184375
1 0.66328125 0.28671875 0.146875 0.1734375
1 0.296875 0.61171875 0.1 0.1109375
1 0.48515625 0.621875 0.1171875 0.103125
1 0.23984375 0.43515625 0.09375 0.090625
1 0.96484375 0.35859375 0.0640625 0.090625
1 0.4046875 0.21640625 0.096875 0.0796875
1 0.128125 0.7703125 0.0765625 0.0796875
1 0.18828125 0.94140625 0.084375 0.0765625
1 0.01796875 0.88203125 0.0296875 0.090625
1 0.7703125 0.06484375 0.0609375 0.0703125
1 0.125 0.31640625 0.0578125 0.09375
1 0.6296875 0.94296875 0.0796875 0.040625