1 0.19296875 0.2703125 0.1203125 0.0875
1 0.36484375 0.29140625 0.084375 0.05625
1 0.51015625 0.28359375 0.0671875 0.0671875
1 0.61484375 0.371875 0.0828125 0.0625
1 0.51171875 0.53515625 0.1234375 0.0765625
1 0.43515625 0.83203125 0.109375 0.0703125
1 0.696875 0.66171875 0.1140625 0.0765625
1 0.13359375 0.63828125 0.1078125 0.0828125
1 0.9234375 0.76796875 0.1 0.0703125
1 0.728125 0.93828125 0.1109375 0.0640625
1 0.93671875 0.378125 0.1 0.090625
1 0.96796875 0.51171875 0.0640625 0.05
1 0.23828125 0.43359375 0.1703125 0.0875
1 0.8734375 0.24140625 0.1 0.084375
1 0.4953125 0.06796875 0.1109375 0.04375
1 0.93828125 0.1015625 0.090625 0.04375
1 0.9765625 0.3015625 0.046875 0.0578125
1 0.5515625 0.43984375 0.0765625 0.0609375
1 0.2984375 0.63828125 0.0703125 0.04375
1 0.66640625 0.51796875 0.053125 0.0828125