1 0.56640625 0.4515625 0.1 0.1109375
1 0.50859375 0.5703125 0.084375 0.0734375
1 0.803125 0.4046875 0.09375 0.103125
1 0.61328125 0.728125 0.1078125 0.103125
1 0.73515625 0.846875 0.0765625 0.0734375
1 0.8484375 0.88359375 0.1109375 0.1
1 0.41328125 0.94140625 0.0796875 0.103125
1 0.4203125 0.45 0.0671875 0.0734375
1 0.05703125 0.36328125 0.0609375 0.1140625
1 0.23359375 0.6765625 0.0671875 0.0796875
1 0.36640625 0.1234375 0.0609375 0.1078125
1 0.46640625 0.41328125 0.0265625 0.0265625
1 0.19296875 0.578125 0.046875 0.0765625