1 0.33359375 0.4453125 0.1078125 0.0765625
1 0.33984375 0.50859375 0.0734375 0.05
1 0.18984375 0.3453125 0.0671875 0.0625
1 0.54296875 0.321875 0.153125 0.05625
1 0.4796875 0.375 0.1140625 0.05
1 0.5453125 0.453125 0.0828125 0.0671875
1 0.7453125 0.6203125 0.0828125 0.059375
1 0.59296875 0.5953125 0.0734375 0.0359375
1 0.63359375 0.621875 0.0671875 0.0234375
1 0.703125 0.69296875 0.0734375 0.034375
1 0.23203125 0.21640625 0.0640625 0.040625
1 0.48671875 0.796875 0.09375 0.053125
1 0.396875 0.8796875 0.0875 0.040625
1 0.83359375 0.86796875 0.10625 0.04375
1 0.578125 0.85703125 0.084375 0.046875
1 0.64296875 0.903125 0.059375 0.040625
1 0.44140625 0.93984375 0.090625 0.0671875
1 0.471875 0.53984375 0.0578125 0.0265625
1 0.1 0.1453125 0.1078125 0.0640625
1 0.41796875 0.09140625 0.084375 0.0578125
1 0.7984375 0.8015625 0.0640625 0.04375
1 0.528125 0.73203125 0.109375 0.0578125
1 0.9234375 0.81328125 0.0796875 0.0875
1 0.9578125 0.9046875 0.084375 0.05
1 0.36640625 0.2515625 0.0734375 0.05625
1 0.21484375 0.1265625 0.0765625 0.0328125
1 0.8796875 0.48359375 0.040625 0.0609375
1 0.93359375 0.253125 0.053125 0.0390625
1 0.63359375 0.125 0.0796875 0.0765625
1 0.55859375 0.178125 0.084375 0.0375
1 0.24140625 0.7515625 0.084375 0.1234375
1 0.128125 0.01015625 0.1109375 0.0140625