1 0.321875 0.46171875 0.0625 0.096875
1 0.4546875 0.4515625 0.0703125 0.096875
1 0.628125 0.3703125 0.0703125 0.0796875
1 0.6203125 0.25703125 0.0671875 0.0859375
1 0.8796875 0.16484375 0.0796875 0.103125
1 0.2546875 0.6296875 0.0640625 0.046875
1 0.51484375 0.6546875 0.0703125 0.0828125
1 0.346875 0.81171875 0.0671875 0.0703125
1 0.2265625 0.778125 0.0734375 0.0640625
1 0.15 0.8765625 0.1 0.0671875
1 0.16640625 0.93984375 0.0609375 0.040625
1 0.81015625 0.51171875 0.0734375 0.0703125
1 0.88203125 0.603125 0.0578125 0.059375
1 0.86640625 0.41640625 0.1 0.0734375
1 0.91171875 0.3453125 0.0640625 0.04375
1 0.1046875 0.5734375 0.084375 0.059375
1 0.01328125 0.871875 0.0203125 0.103125
1 0.128125 0.78515625 0.04375 0.05
1 0.703125 0.3015625 0.0671875 0.0765625
1 0.81015625 0.2015625 0.040625 0.05625
1 0.73203125 0.478125 0.0765625 0.103125
1 0.596875 0.528125 0.0671875 0.05
1 0.43828125 0.671875 0.090625 0.084375
1 0.3796875 0.51640625 0.0265625 0.09375
1 0.26015625 0.05859375 0.040625 0.0375
1 0.91328125 0.0484375 0.0671875 0.0640625
1 0.4796875 0.125 0.040625 0.05
1 0.7234375 0.01484375 0.0390625 0.0234375
1 0.953125 0.56171875 0.0796875 0.0828125
1 0.53671875 0.5234375 0.040625 0.0734375
1 0.80859375 0.08203125 0.096875 0.0578125
1 0.9828125 0.18984375 0.034375 0.0734375
1 0.11484375 0.6546875 0.0640625 0.05