1 0.38203125 0.6203125 0.0765625 0.034375
1 0.7984375 0.41015625 0.090625 0.046875
1 0.6953125 0.775 0.096875 0.0578125
1 0.88828125 0.7234375 0.0703125 0.046875
1 0.85703125 0.828125 0.09375 0.0703125
1 0.76328125 0.875 0.1 0.0578125
1 0.721875 0.18515625 0.0625 0.05
1 0.9765625 0.603125 0.046875 0.046875
1 0.178125 0.91796875 0.1109375 0.0765625
1 0.51171875 0.428125 0.05 0.0375
1 0.26015625 0.33671875 0.1078125 0.046875
1 0.53671875 0.18359375 0.1203125 0.040625
1 0.3796875 0.43671875 0.1203125 0.040625
1 0.9015625 0.56015625 0.0703125 0.040625