1 0.35 0.725 0.140625 0.103125
1 0.828125 0.803125 0.1171875 0.1078125
1 0.5515625 0.8734375 0.096875 0.0875
1 0.503125 0.575 0.0796875 0.0765625
1 0.9046875 0.5203125 0.1109375 0.0796875
1 0.303125 0.56796875 0.09375 0.0765625
1 0.56484375 0.34296875 0.04375 0.053125
1 0.65859375 0.4484375 0.0828125 0.0640625
1 0.28359375 0.16015625 0.0671875 0.0734375
1 0.23203125 0.2703125 0.05 0.0734375
1 0.2296875 0.63828125 0.0859375 0.0828125
1 0.428125 0.43515625 0.0296875 0.0578125
1 0.146875 0.0796875 0.0796875 0.0609375
1 0.23984375 0.09140625 0.046875 0.04375
1 0.53671875 0.16640625 0.1140625 0.0796875
1 0.6484375 0.61640625 0.0765625 0.053125
1 0.3484375 0.36015625 0.0578125 0.0859375
1 0.41015625 0.2046875 0.0796875 0.0703125
1 0.11640625 0.71171875 0.1 0.096875
1 0.5546875 0.7046875 0.0703125 0.05
1 0.775 0.46171875 0.0640625 0.0703125
1 0.96484375 0.8515625 0.0578125 0.0765625
1 0.63984375 0.88984375 0.059375 0.0671875
1 0.43359375 0.83203125 0.0609375 0.0640625
1 0.33828125 0.503125 0.04375 0.046875
1 0.2734375 0.478125 0.040625 0.0578125
1 0.18359375 0.56015625 0.0875 0.0671875
1 0.553125 0.2765625 0.1140625 0.0734375
1 0.66640625 0.771875 0.0734375 0.0640625
1 0.303125 0.8296875 0.0796875 0.0671875
1 0.7796875 0.56015625 0.1203125 0.0671875
1 0.31015625 0.0734375 0.053125 0.040625