1 0.46328125 0.43359375 0.0875 0.053125
1 0.5734375 0.48984375 0.053125 0.034375
1 0.4546875 0.575 0.05 0.04375
1 0.41484375 0.1953125 0.090625 0.05
1 0.846875 0.25703125 0.0671875 0.053125
1 0.728125 0.38359375 0.0703125 0.053125
1 0.83203125 0.4296875 0.05 0.034375
1 0.9484375 0.5796875 0.0703125 0.046875
1 0.6765625 0.76328125 0.059375 0.0265625
1 0.35859375 0.9484375 0.103125 0.0375
1 0.41015625 0.5265625 0.034375 0.0203125
1 0.1015625 0.73515625 0.0375 0.0296875
1 0.128125 0.63671875 0.084375 0.0140625
1 0.59140625 0.91171875 0.0359375 0.0234375
1 0.58828125 0.8015625 0.0640625 0.0296875
1 0.88671875 0.1484375 0.0734375 0.0640625
1 0.98125 0.1078125 0.0375 0.0375