1 0.73828125 0.64296875 0.0765625 0.10625
1 0.875 0.43984375 0.0765625 0.0875
1 0.8046875 0.16328125 0.1234375 0.1078125
1 0.78515625 0.328125 0.0640625 0.0703125
1 0.59296875 0.478125 0.0734375 0.0703125
1 0.578125 0.68984375 0.0578125 0.0734375
1 0.346875 0.4234375 0.0734375 0.046875
1 0.4484375 0.3203125 0.0578125 0.1078125
1 0.53203125 0.08828125 0.0703125 0.0828125
1 0.1765625 0.71328125 0.046875 0.0734375
1 0.26796875 0.76328125 0.084375 0.059375
1 0.1015625 0.83984375 0.096875 0.0734375
1 0.58203125 0.80703125 0.1234375 0.0671875
1 0.65 0.7515625 0.1 0.04375
1 0.7203125 0.88984375 0.1 0.0875
1 0.39296875 0.6484375 0.1140625 0.05
1 0.4453125 0.5765625 0.084375 0.046875
1 0.5015625 0.653125 0.0640625 0.0265625
1 0.48984375 0.725 0.040625 0.0296875
1 0.0984375 0.721875 0.0703125 0.109375
1 0.18984375 0.575 0.0734375 0.0828125
1 0.18515625 0.45859375 0.0578125 0.0765625
1 0.628125 0.346875 0.0359375 0.046875
1 0.471875 0.21640625 0.0703125 0.0609375
1 0.1953125 0.90703125 0.084375 0.1
1 0.80703125 0.5296875 0.153125 0.1
1 0.5453125 0.31328125 0.0640625 0.1671875
1 0.41640625 0.1046875 0.0734375 0.05
1 0.853125 0.03359375 0.053125 0.053125
1 0.596875 0.575 0.1265625 0.0578125
1 0.8734375 0.26640625 0.1734375 0.0671875
1 0.453125 0.84296875 0.0671875 0.0609375