1 0.2796875 0.48828125 0.053125 0.084375
1 0.275 0.8 0.090625 0.0859375
1 0.28203125 0.63359375 0.0578125 0.053125
1 0.0703125 0.48671875 0.053125 0.0875
1 0.546875 0.48203125 0.0796875 0.1109375
1 0.378125 0.38203125 0.084375 0.0765625
1 0.46015625 0.4515625 0.0609375 0.0703125
1 0.43203125 0.725 0.0640625 0.0828125
1 0.45 0.8046875 0.0609375 0.0578125
1 0.66484375 0.8484375 0.103125 0.096875
1 0.8453125 0.56171875 0.0640625 0.0765625
1 0.66796875 0.3 0.090625 0.1078125
1 0.76328125 0.08984375 0.0671875 0.1078125
1 0.93828125 0.271875 0.0703125 0.1234375
1 0.246875 0.11328125 0.0875 0.09375
1 0.38671875 0.06796875 0.046875 0.090625
1 0.11484375 0.071875 0.04375 0.090625
1 0.51796875 0.03984375 0.0765625 0.0734375
1 0.30703125 0.025 0.0609375 0.04375
1 0.4453125 0.06171875 0.0296875 0.0359375
1 0.6515625 0.696875 0.0828125 0.053125
1 0.51640625 0.33359375 0.1 0.0390625