1 0.475 0.60703125 0.0703125 0.0796875
1 0.51484375 0.778125 0.0703125 0.0640625
1 0.38515625 0.775 0.0578125 0.0765625
1 0.55859375 0.3953125 0.05 0.0703125
1 0.49140625 0.46796875 0.0765625 0.190625
1 0.5453125 0.53671875 0.0171875 0.0875
1 0.31796875 0.43359375 0.04375 0.0671875
1 0.321875 0.49140625 0.05 0.05
1 0.38671875 0.46015625 0.0671875 0.0734375
1 0.36640625 0.271875 0.046875 0.05625
1 0.3234375 0.303125 0.046875 0.0859375
1 0.38359375 0.36171875 0.053125 0.0703125
1 0.521875 0.08828125 0.05 0.0828125
1 0.496875 0.18984375 0.09375 0.1265625
1 0.41015625 0.1046875 0.09375 0.1578125
1 0.3546875 0.6265625 0.1703125 0.1734375
1 0.3203125 0.86328125 0.053125 0.053125
1 0.3296875 0.93515625 0.1265625 0.0578125
1 0.46640625 0.96796875 0.0671875 0.0375
1 0.521875 0.84296875 0.0703125 0.046875
1 0.46328125 0.79140625 0.053125 0.0640625
1 0.6203125 0.08984375 0.0796875 0.1734375