1 0.228125 0.51328125 0.0703125 0.046875
1 0.38203125 0.475 0.090625 0.0703125
1 0.325 0.5203125 0.05 0.046875
1 0.9 0.51640625 0.053125 0.0609375
1 0.2265625 0.38203125 0.0875 0.04375
1 0.496875 0.321875 0.0671875 0.05
1 0.55703125 0.30703125 0.046875 0.053125
1 0.53671875 0.38515625 0.0734375 0.0578125
1 0.63515625 0.378125 0.0578125 0.0640625
1 0.13828125 0.31171875 0.05625 0.0296875
1 0.8515625 0.3703125 0.0578125 0.046875
1 0.93671875 0.4046875 0.0875 0.05
1 0.61796875 0.553125 0.0828125 0.053125
1 0.15703125 0.5265625 0.046875 0.0390625
1 0.31484375 0.36328125 0.05 0.034375
1 0.01796875 0.46796875 0.0296875 0.0375
1 0.81015625 0.48828125 0.134375 0.05
1 0.55859375 0.4796875 0.14375 0.0671875
1 0.46484375 0.54140625 0.103125 0.0703125
1 0.05859375 0.31328125 0.0640625 0.1
1 0.36328125 0.275 0.1203125 0.05625
1 0.56640625 0.4734375 0.1 0.0671875
1 0.7046875 0.30859375 0.0640625 0.04375
1 0.703125 0.35 0.09375 0.0390625
1 0.7984375 0.44140625 0.1171875 0.05
1 0.96328125 0.63671875 0.046875 0.034375