1 0.346875 0.56640625 0.0734375 0.040625
1 0.353125 0.63984375 0.0796875 0.0390625
1 0.3046875 0.66015625 0.0765625 0.034375
1 0.06796875 0.8546875 0.0703125 0.0375
1 0.546875 0.3734375 0.0734375 0.053125
1 0.6984375 0.44296875 0.0578125 0.034375
1 0.24296875 0.1734375 0.0734375 0.040625
1 0.428125 0.84140625 0.090625 0.05
1 0.31640625 0.86015625 0.0875 0.040625
1 0.3296875 0.9015625 0.1078125 0.0296875
1 0.6546875 0.36171875 0.0828125 0.04375
1 0.93515625 0.26015625 0.103125 0.0265625
1 0.8953125 0.596875 0.1296875 0.0734375
1 0.36015625 0.2046875 0.0671875 0.0375
1 0.19140625 0.253125 0.0578125 0.0265625
1 0.33671875 0.28203125 0.0671875 0.0375
1 0.6515625 0.15703125 0.0625 0.0328125
1 0.53515625 0.93828125 0.084375 0.0375