1 0.125 0.83359375 0.0640625 0.1140625
1 0.38828125 0.746875 0.0765625 0.0859375
1 0.3734375 0.63671875 0.0734375 0.0875
1 0.5453125 0.546875 0.0703125 0.0875
1 0.678125 0.53984375 0.0703125 0.1
1 0.61640625 0.48671875 0.053125 0.0796875
1 0.471875 0.33359375 0.0765625 0.1078125
1 0.18984375 0.48671875 0.0671875 0.0875
1 0.13828125 0.5796875 0.0828125 0.059375
1 0.89296875 0.4265625 0.0671875 0.0796875
1 0.65703125 0.1796875 0.046875 0.0796875
1 0.86171875 0.13515625 0.084375 0.0703125
1 0.775 0.2203125 0.04375 0.0734375
1 0.98515625 0.13359375 0.0296875 0.1
1 0.121875 0.3953125 0.0578125 0.0578125
1 0.053125 0.43828125 0.0609375 0.0640625
1 0.3046875 0.6984375 0.0578125 0.0703125
1 0.18828125 0.78828125 0.05 0.04375
1 0.7453125 0.36796875 0.0625 0.0703125
1 0.84296875 0.0546875 0.0796875 0.0578125
1 0.51796875 0.86640625 0.04375 0.046875
1 0.73671875 0.93828125 0.059375 0.04375
1 0.0203125 0.81171875 0.034375 0.0578125
1 0.2796875 0.98828125 0.046875 0.0171875
1 0.41484375 0.45859375 0.0625 0.0578125
1 0.08515625 0.6453125 0.0703125 0.0578125
1 0.275 0.5046875 0.0375 0.04375
1 0.21796875 0.921875 0.0375 0.05
1 0.121875 0.9484375 0.096875 0.084375
1 0.8296875 0.5546875 0.0734375 0.0703125
1 0.88359375 0.21796875 0.0609375 0.0578125
1 0.5546875 0.33359375 0.0578125 0.1140625