1 0.16328125 0.19140625 0.1140625 0.1109375
1 0.653125 0.26015625 0.1140625 0.1078125
1 0.446875 0.11328125 0.1 0.0875
1 0.08671875 0.46328125 0.1 0.0875
1 0.4796875 0.41015625 0.0734375 0.0875
1 0.34140625 0.55 0.0765625 0.0671875
1 0.4296875 0.646875 0.0796875 0.053125
1 0.70859375 0.81484375 0.0703125 0.0578125
1 0.68984375 0.41328125 0.0734375 0.0671875
1 0.75859375 0.3203125 0.0578125 0.034375
1 0.796875 0.41015625 0.134375 0.1078125
1 0.8515625 0.3 0.05 0.046875
1 0.91640625 0.271875 0.053125 0.05625
1 0.846875 0.91796875 0.0734375 0.0578125
1 0.3453125 0.21796875 0.0703125 0.0578125
1 0.653125 0.61015625 0.046875 0.10625
1 0.771875 0.73203125 0.084375 0.0828125
1 0.36015625 0.10859375 0.0671875 0.0578125
1 0.56171875 0.15859375 0.05 0.05625
1 0.35 0.371875 0.0734375 0.0625
1 0.58828125 0.80703125 0.0765625 0.1
1 0.03671875 0.1453125 0.0609375 0.04375
1 0.65859375 0.48984375 0.05 0.0609375
1 0.725 0.51328125 0.04375 0.053125
1 0.84296875 0.5546875 0.053125 0.0578125
1 0.56484375 0.56328125 0.0828125 0.0671875
1 0.36015625 0.475 0.1 0.0640625
1 0.225 0.53515625 0.05625 0.0640625
1 0.75859375 0.9 0.04375 0.040625
1 0.45859375 0.80859375 0.1109375 0.0640625
1 0.23984375 0.43984375 0.09375 0.053125
1 0.91015625 0.8234375 0.1 0.1
1 0.446875 0.28671875 0.040625 0.053125
1 0.7 0.18203125 0.0671875 0.04375
1 0.103125 0.58359375 0.0796875 0.0671875