1 0.0453125 0.771875 0.059375 0.115625
1 0.14765625 0.74375 0.040625 0.090625
1 0.2578125 0.79921875 0.1109375 0.1375
1 0.34296875 0.5890625 0.0875 0.153125
1 0.43984375 0.5578125 0.09375 0.1078125
1 0.4375 0.69140625 0.078125 0.0953125
1 0.57421875 0.73984375 0.078125 0.175
1 0.7 0.69375 0.0609375 0.0890625
1 0.58984375 0.51328125 0.0328125 0.1109375
1 0.69453125 0.45 0.0734375 0.125
1 0.8453125 0.60078125 0.0453125 0.08125
1 0.9203125 0.9484375 0.075 0.0859375
1 0.878125 0.48671875 0.05 0.1
1 0.93203125 0.596875 0.0359375 0.153125
1 0.9640625 0.4890625 0.046875 0.0625
1 0.15859375 0.58203125 0.0234375 0.0484375
1 0.80078125 0.7671875 0.0265625 0.10625
1 0.26640625 0.54296875 0.0171875 0.078125
1 0.515625 0.95 0.084375 0.078125
1 0.39765625 0.97265625 0.0609375 0.0546875
1 0.6203125 0.971875 0.0390625 0.05625