1 0.33125 0.1703125 0.04375 0.0859375
1 0.48203125 0.159375 0.046875 0.0640625
1 0.0296875 0.2078125 0.053125 0.1171875
1 0.6484375 0.1328125 0.05 0.075
1 0.7453125 0.14921875 0.0265625 0.0640625
1 0.83359375 0.2609375 0.0390625 0.1390625
1 0.4484375 0.70234375 0.0328125 0.128125
1 0.2015625 0.75546875 0.0390625 0.128125
1 0.253125 0.7765625 0.0359375 0.10625
1 0.38125 0.696875 0.0390625 0.096875
1 0.35703125 0.7921875 0.04375 0.075
1 0.30859375 0.91484375 0.0421875 0.0859375
1 0.08671875 0.87734375 0.1265625 0.096875
1 0.01171875 0.78203125 0.01875 0.096875
1 0.4546875 0.87265625 0.0265625 0.0421875
1 0.63359375 0.80859375 0.1375 0.128125
1 0.878125 0.69140625 0.0328125 0.0859375
1 0.7734375 0.840625 0.10625 0.0859375
1 0.52890625 0.95703125 0.0640625 0.0859375
1 0.128125 0.2765625 0.04375 0.0640625
1 0.21484375 0.07421875 0.0359375 0.0859375
1 0.4265625 0.2765625 0.046875 0.10625
1 0.33671875 0.27109375 0.0265625 0.053125
1 0.8984375 0.32421875 0.0328125 0.075
1 0.9796875 0.6859375 0.0296875 0.053125
1 0.61640625 0.0375 0.1265625 0.053125
1 0.80703125 0.0421875 0.1625 0.0640625