1 0.11171875 0.615625 0.04375 0.096875
1 0.190625 0.6734375 0.021875 0.096875
1 0.30390625 0.8265625 0.08125 0.096875
1 0.421875 0.64921875 0.0390625 0.125
1 0.53203125 0.77421875 0.0625 0.10625
1 0.24296875 0.20703125 0.05 0.10625
1 0.17421875 0.1109375 0.0484375 0.0875
1 0.07890625 0.125 0.0609375 0.134375
1 0.3734375 0.14921875 0.0375 0.0875
1 0.49765625 0.1921875 0.028125 0.0953125
1 0.43671875 0.375 0.0296875 0.115625
1 0.578125 0.35078125 0.0390625 0.0671875
1 0.61484375 0.15859375 0.034375 0.10625
1 0.6859375 0.14453125 0.040625 0.096875
1 0.70859375 0.678125 0.08125 0.1640625
1 0.67265625 0.85546875 0.090625 0.0765625
1 0.02890625 0.7984375 0.05 0.134375
1 0.06640625 0.89921875 0.0125 0.0484375
1 0.76953125 0.22109375 0.0234375 0.0578125
1 0.8015625 0.134375 0.0375 0.0765625
1 0.83203125 0.35078125 0.0234375 0.0671875
1 0.8765625 0.6734375 0.05 0.134375
1 0.93671875 0.196875 0.0375 0.125
1 0.93671875 0.60078125 0.028125 0.0859375
1 0.9703125 0.40390625 0.0265625 0.115625
1 0.9828125 0.5484375 0.0296875 0.096875
1 0.41875 0.0671875 0.0328125 0.0578125
1 0.38203125 0.9234375 0.0203125 0.0578125
1 0.6984375 0.96640625 0.0390625 0.0671875
1 0.87890625 0.1203125 0.028125 0.0859375
1 0.884375 0.259375 0.034375 0.0953125
1 0.4671875 0.625 0.021875 0.096875
1 0.9421875 0.7984375 0.0390625 0.0765625
1 0.98359375 0.875 0.015625 0.096875
1 0.803125 0.91796875 0.103125 0.1640625
1 0.578125 0.97109375 0.04375 0.0578125
1 0.2484375 0.9375 0.046875 0.0671875