1 0.13125 0.50546875 0.059375 0.0765625
1 0.18515625 0.396875 0.028125 0.0546875
1 0.353125 0.25 0.05625 0.13125
1 0.41796875 0.5546875 0.109375 0.109375
1 0.49140625 0.3421875 0.053125 0.0546875
1 0.559375 0.20625 0.0421875 0.0875
1 0.65 0.31015625 0.0984375 0.0984375
1 0.81328125 0.27734375 0.0953125 0.1421875
1 0.8265625 0.4671875 0.03125 0.0875
1 0.60703125 0.61953125 0.0453125 0.065625
1 0.56796875 0.7171875 0.1015625 0.109375
1 0.22890625 0.45625 0.0453125 0.0875
1 0.6015625 0.9078125 0.1546875 0.1203125
1 0.83203125 0.6953125 0.05 0.109375
1 0.8984375 0.66875 0.0421875 0.1640625
1 0.95625 0.0546875 0.025 0.065625
1 0.9890625 0.49921875 0.021875 0.1078125
1 0.28359375 0.83125 0.2171875 0.0984375
1 0.046875 0.9453125 0.0875 0.109375
1 0.984375 0.88046875 0.03125 0.0875