1 0.0265625 0.5203125 0.05 0.090625
1 0.13828125 0.5328125 0.05625 0.05
1 0.01953125 0.64921875 0.0328125 0.078125
1 0.034375 0.77265625 0.0515625 0.0859375
1 0.08515625 0.7640625 0.0296875 0.078125
1 0.13828125 0.76640625 0.0734375 0.090625
1 0.1359375 0.68046875 0.06875 0.065625
1 0.07109375 0.690625 0.0515625 0.053125
1 0.0703125 0.6171875 0.028125 0.053125
1 0.13203125 0.8609375 0.0640625 0.0328125
1 0.09296875 0.4078125 0.028125 0.053125
1 0.04375 0.39140625 0.065625 0.0375
1 0.1359375 0.3953125 0.0296875 0.0625
1 0.07734375 0.5390625 0.028125 0.053125
1 0.140625 0.6125 0.090625 0.0703125
1 0.21953125 0.6109375 0.0796875 0.10625
1 0.22578125 0.6984375 0.040625 0.053125
1 0.18828125 0.71484375 0.025 0.0625
1 0.203125 0.81328125 0.04375 0.0625
1 0.2671875 0.77890625 0.0875 0.0984375
1 0.36875 0.77890625 0.05625 0.065625
1 0.40625 0.6328125 0.0640625 0.0703125
1 0.27890625 0.43828125 0.059375 0.0734375
1 0.18984375 0.4609375 0.0390625 0.053125
1 0.26796875 0.35625 0.040625 0.05
1 0.17578125 0.33203125 0.034375 0.05
1 0.3078125 0.2953125 0.0359375 0.0328125
1 0.325 0.3671875 0.046875 0.0703125
1 0.3828125 0.309375 0.0625 0.053125
1 0.40390625 0.37734375 0.0625 0.065625
1 0.3453125 0.47734375 0.0546875 0.0859375
1 0.41015625 0.4546875 0.05625 0.0734375
1 0.31328125 0.58203125 0.040625 0.0578125
1 0.4078125 0.5265625 0.053125 0.0359375
1 0.47734375 0.428125 0.0703125 0.078125
1 0.4484375 0.26875 0.0703125 0.09375
1 0.4578125 0.66015625 0.03125 0.0734375
1 0.48515625 0.55703125 0.01875 0.040625
1 0.50078125 0.4875 0.0203125 0.025
1 0.52109375 0.68671875 0.040625 0.0703125
1 0.5703125 0.678125 0.0453125 0.0859375
1 0.55859375 0.5734375 0.046875 0.065625
1 0.61171875 0.58984375 0.0375 0.05
1 0.62265625 0.665625 0.0421875 0.0625
1 0.68046875 0.60078125 0.065625 0.1109375
1 0.75390625 0.62109375 0.06875 0.078125
1 0.8859375 0.56328125 0.053125 0.0859375
1 0.5359375 0.4265625 0.01875 0.0328125
1 0.57421875 0.46484375 0.05 0.0625
1 0.64609375 0.45703125 0.0921875 0.0859375
1 0.7046875 0.4015625 0.0359375 0.040625
1 0.684375 0.32578125 0.028125 0.0453125
1 0.45859375 0.26640625 0.0390625 0.0984375
1 0.5375 0.30703125 0.0640625 0.115625
1 0.60234375 0.203125 0.0828125 0.0703125
1 0.62890625 0.31328125 0.0875 0.1359375
1 0.746875 0.2296875 0.1265625 0.10625
1 0.73671875 0.31953125 0.034375 0.05
1 0.85078125 0.2765625 0.05625 0.0453125
1 0.90703125 0.35859375 0.04375 0.0703125
1 0.92890625 0.2625 0.071875 0.0734375
1 0.90546875 0.09453125 0.0578125 0.05
1 0.77109375 0.10234375 0.0359375 0.05
1 0.83359375 0.1046875 0.0578125 0.078125
1 0.98359375 0.10625 0.0328125 0.065625
1 0.76171875 0.4484375 0.0515625 0.11875
1 0.93515625 0.56171875 0.0296875 0.05
1 0.534375 0.171875 0.046875 0.0171875
1 0.68125 0.12265625 0.0375 0.040625