1 0.05625 0.903125 0.08125 0.053125
1 0.278125 0.79375 0.0484375 0.046875
1 0.2234375 0.903125 0.0296875 0.0421875
1 0.19296875 0.78515625 0.0390625 0.0296875
1 0.37109375 0.91484375 0.0359375 0.0421875
1 0.41640625 0.91484375 0.0296875 0.0296875
1 0.46796875 0.93203125 0.0296875 0.01875
1 0.5125 0.903125 0.09375 0.053125
1 0.58515625 0.903125 0.0515625 0.065625
1 0.63984375 0.7703125 0.0390625 0.046875
1 0.728125 0.74140625 0.0359375 0.0359375
1 0.63515625 0.88828125 0.0234375 0.059375
1 0.84765625 0.81171875 0.0296875 0.0359375
1 0.87421875 0.83828125 0.0203125 0.0421875
1 0.94375 0.896875 0.0421875 0.053125
1 0.79921875 0.85 0.0234375 0.0296875
1 0.86328125 0.8734375 0.0234375 0.0296875
1 0.825 0.91484375 0.0359375 0.0296875
1 0.80078125 0.93203125 0.0203125 0.0296875
1 0.434375 0.74140625 0.0203125 0.0234375
1 0.6609375 0.88203125 0.028125 0.059375
1 0.74609375 0.85 0.0578125 0.053125
1 0.70703125 0.903125 0.0265625 0.0421875
1 0.75390625 0.90625 0.0484375 0.059375
1 0.68828125 0.853125 0.03125 0.046875
1 0.828125 0.3703125 0.0546875 0.046875
1 0.91015625 0.39140625 0.0390625 0.0421875
1 0.8953125 0.19140625 0.0359375 0.0421875
1 0.86015625 0.21796875 0.0234375 0.046875
1 0.81796875 0.20625 0.0359375 0.0359375
1 0.97265625 0.20859375 0.0546875 0.053125
1 0.94375 0.2734375 0.0234375 0.0296875
1 0.7265625 0.28828125 0.0328125 0.046875
1 0.78125 0.296875 0.0328125 0.065625
1 0.721875 0.36796875 0.075 0.053125
1 0.678125 0.503125 0.0515625 0.053125
1 0.74609375 0.46796875 0.0328125 0.0421875
1 0.85078125 0.51171875 0.0421875 0.046875
1 0.8875 0.48515625 0.0203125 0.0296875
1 0.57109375 0.453125 0.0546875 0.059375
1 0.6234375 0.45625 0.0203125 0.0296875
1 0.5453125 0.50625 0.0359375 0.0359375
1 0.59140625 0.55859375 0.0265625 0.046875
1 0.6234375 0.596875 0.0453125 0.0421875
1 0.6734375 0.60859375 0.0421875 0.0296875
1 0.671875 0.29375 0.0640625 0.046875
1 0.7875 0.546875 0.0453125 0.059375
1 0.48359375 0.5734375 0.0234375 0.0296875
1 0.4875 0.60625 0.0234375 0.0234375
1 0.50625 0.63828125 0.075 0.053125
1 0.5109375 0.69375 0.03125 0.0359375
1 0.57890625 0.63828125 0.0265625 0.0296875
1 0.6140625 0.6703125 0.03125 0.046875
1 0.66875 0.646875 0.0265625 0.0359375
1 0.725 0.59140625 0.0484375 0.0890625
1 0.76875 0.61171875 0.0265625 0.0359375
1 0.96953125 0.45 0.0609375 0.065625
1 0.91015625 0.54375 0.0578125 0.053125
1 0.4359375 0.703125 0.0296875 0.0421875
1 0.52734375 0.41171875 0.0578125 0.0359375
1 0.5671875 0.38828125 0.0671875 0.0234375
1 0.59453125 0.35859375 0.0828125 0.0359375
1 0.34765625 0.54375 0.0328125 0.0296875
1 0.290625 0.6734375 0.0546875 0.0421875
1 0.2765625 0.71796875 0.084375 0.046875
1 0.2140625 0.71484375 0.0296875 0.0296875
1 0.13671875 0.7234375 0.0421875 0.0359375
1 0.30234375 0.61171875 0.0578125 0.0359375
1 0.3875 0.53828125 0.0421875 0.053125
1 0.4484375 0.55 0.0296875 0.0296875
1 0.3953125 0.63515625 0.109375 0.0703125
1 0.41484375 0.58203125 0.0203125 0.0234375
1 0.37109375 0.703125 0.09375 0.053125
1 0.4328125 0.4734375 0.0671875 0.053125
1 0.4578125 0.44140625 0.0421875 0.0234375
1 0.234375 0.63203125 0.0328125 0.0296875
1 0.8359375 0.16171875 0.0515625 0.040625
1 0.9015625 0.14375 0.0546875 0.0296875
1 0.996875 0.1296875 0.00625 0.0234375
1 0.84765625 0.56796875 0.0546875 0.0421875
1 0.8203125 0.61171875 0.0453125 0.0359375
1 0.46015625 0.65625 0.0125 0.0296875
1 0.234375 0.58515625 0.0265625 0.01875
1 0.1234375 0.68515625 0.0234375 0.01875
1 0.115625 0.8796875 0.0265625 0.0296875