1 0.128125 0.690625 0.0609375 0.046875
1 0.2421875 0.41640625 0.05 0.0484375
1 0.321875 0.5 0.025 0.0359375
1 0.40546875 0.44609375 0.025 0.0484375
1 0.39296875 0.54453125 0.0234375 0.0546875
1 0.3984375 0.64609375 0.028125 0.0546875
1 0.484375 0.4078125 0.028125 0.040625
1 0.50546875 0.2265625 0.025 0.0359375
1 0.5671875 0.2109375 0.03125 0.065625
1 0.66015625 0.26484375 0.0390625 0.0546875
1 0.6015625 0.5296875 0.0453125 0.071875
1 0.6671875 0.503125 0.0359375 0.065625
1 0.75625 0.55625 0.0421875 0.0546875
1 0.81640625 0.4078125 0.034375 0.0546875
1 0.73828125 0.16640625 0.0453125 0.059375
1 0.82421875 0.2140625 0.028125 0.059375
1 0.78125 0.2171875 0.03125 0.0546875
1 0.79375 0.27109375 0.028125 0.040625
1 0.859375 0.628125 0.059375 0.0421875
1 0.91328125 0.5953125 0.028125 0.0484375
1 0.8984375 0.67890625 0.0359375 0.046875
1 0.97109375 0.67265625 0.03125 0.046875
1 0.33125 0.371875 0.028125 0.0546875
1 0.334375 0.30390625 0.0234375 0.0359375
1 0.3953125 0.33046875 0.0453125 0.065625
1 0.41640625 0.2734375 0.0421875 0.0359375
1 0.27734375 0.309375 0.0421875 0.059375
1 0.14609375 0.44921875 0.03125 0.0421875
1 0.21171875 0.49140625 0.0328125 0.0296875
1 0.0921875 0.51796875 0.034375 0.0484375
1 0.0734375 0.36875 0.046875 0.0359375
1 0.01640625 0.7859375 0.028125 0.0484375
1 0.78984375 0.690625 0.059375 0.046875
1 0.60859375 0.61875 0.03125 0.0359375
1 0.59765625 0.6484375 0.025 0.0359375
1 0.58359375 0.690625 0.0203125 0.0359375
1 0.64921875 0.67890625 0.028125 0.0359375
1 0.6796875 0.69921875 0.0234375 0.0421875
1 0.70859375 0.690625 0.025 0.0359375
1 0.009375 0.5265625 0.0140625 0.0421875
1 0.86875 0.11015625 0.0390625 0.0421875
1 0.9515625 0.06875 0.03125 0.0296875
1 0.98828125 0.115625 0.0234375 0.065625
1 0.9484375 0.128125 0.025 0.053125
1 0.91328125 0.128125 0.0234375 0.0890625
1 0.96484375 0.2140625 0.0640625 0.071875
1 0.55859375 0.29140625 0.0484375 0.0703125
1 0.60859375 0.26484375 0.025 0.0546875
1 0.49453125 0.7265625 0.1375 0.13125
1 0.71484375 0.75 0.2984375 0.059375
1 0.02890625 0.85390625 0.0359375 0.0421875
1 0.26015625 0.69609375 0.1921875 0.0953125
1 0.2453125 0.80625 0.178125 0.078125
1 0.1171875 0.86015625 0.1171875 0.0296875
1 0.38125 0.76171875 0.0390625 0.084375
1 0.35078125 0.7890625 0.028125 0.0890625
1 0.81484375 0.0890625 0.0203125 0.046875