1 0.08828125 0.50625 0.04375 0.075
1 0.01875 0.69375 0.0359375 0.084375
1 0.0859375 0.68984375 0.0421875 0.084375
1 0.165625 0.58828125 0.046875 0.096875
1 0.16328125 0.728125 0.053125 0.096875
1 0.26015625 0.83984375 0.0609375 0.1203125
1 0.20859375 0.59375 0.05 0.1
1 0.2046875 0.78984375 0.0234375 0.1640625
1 0.3640625 0.56015625 0.0734375 0.1125
1 0.46171875 0.55234375 0.040625 0.071875
1 0.3265625 0.728125 0.0546875 0.0640625
1 0.3703125 0.82421875 0.0515625 0.0796875
1 0.4296875 0.8140625 0.0421875 0.0671875
1 0.49375 0.915625 0.065625 0.1046875
1 0.5734375 0.934375 0.078125 0.115625
1 0.72578125 0.934375 0.075 0.0921875
1 0.8328125 0.921875 0.053125 0.1328125
1 0.88515625 0.878125 0.046875 0.115625
1 0.9515625 0.9359375 0.065625 0.1046875
1 0.92265625 0.6921875 0.0703125 0.153125
1 0.50546875 0.62421875 0.0234375 0.0390625
1 0.4484375 0.671875 0.021875 0.0484375
1 0.74140625 0.67421875 0.0265625 0.0921875
1 0.85390625 0.7 0.0234375 0.0640625
1 0.68828125 0.84609375 0.0359375 0.06875
1 0.75234375 0.828125 0.034375 0.05625
1 0.6359375 0.971875 0.0265625 0.0484375
1 0.63828125 0.75390625 0.028125 0.084375
1 0.678125 0.58984375 0.0203125 0.06875
1 0.553125 0.53828125 0.028125 0.0515625
1 0.02265625 0.82578125 0.04375 0.1
1 0.5734375 0.80625 0.0234375 0.04375
1 0.196875 0.91015625 0.0265625 0.04375
1 0.9125 0.58828125 0.0234375 0.0328125
1 0.2640625 0.54375 0.0546875 0.1125
1 0.04140625 0.528125 0.040625 0.096875
1 0.12421875 0.73828125 0.021875 0.1484375
1 0.1171875 0.58828125 0.0421875 0.071875