1 0.034375 0.890625 0.0515625 0.0859375
1 0.24609375 0.65390625 0.0546875 0.0671875
1 0.2546875 0.9578125 0.0296875 0.0765625
1 0.3078125 0.9578125 0.021875 0.0765625
1 0.35390625 0.9171875 0.034375 0.0578125
1 0.38984375 0.74140625 0.046875 0.08125
1 0.4234375 0.8234375 0.0296875 0.05
1 0.46640625 0.7296875 0.0578125 0.0859375
1 0.55703125 0.76328125 0.0265625 0.0625
1 0.59921875 0.796875 0.040625 0.0671875
1 0.56171875 0.97734375 0.0390625 0.0359375
1 0.45 0.95546875 0.0234375 0.0265625
1 0.4578125 0.82578125 0.0109375 0.0453125
1 0.05546875 0.79453125 0.0328125 0.0625
1 0.23359375 0.51796875 0.0390625 0.04375
1 0.63359375 0.59609375 0.059375 0.09375
1 0.7046875 0.71015625 0.05 0.0984375
1 0.759375 0.49765625 0.034375 0.0859375
1 0.7484375 0.96015625 0.0390625 0.0625
1 0.8734375 0.47578125 0.021875 0.0671875
1 0.9296875 0.421875 0.0375 0.0671875
1 0.990625 0.5828125 0.01875 0.0390625
1 0.990625 0.6984375 0.01875 0.0578125
1 0.56484375 0.47109375 0.046875 0.0859375
1 0.54609375 0.5515625 0.0296875 0.05
1 0.36171875 0.50234375 0.0328125 0.075
1 0.14453125 0.50859375 0.021875 0.0453125
1 0.0578125 0.65625 0.0140625 0.0265625
1 0.13515625 0.796875 0.0171875 0.0234375
1 0.53828125 0.63359375 0.0125 0.0359375