1 0.29453125 0.65546875 0.13125 0.0671875
1 0.40078125 0.61796875 0.021875 0.025
1 0.1765625 0.6265625 0.0609375 0.04375
1 0.1109375 0.71328125 0.0828125 0.0359375
1 0.33515625 0.71484375 0.1 0.0453125
1 0.41640625 0.72890625 0.0453125 0.0125
1 0.465625 0.7 0.11875 0.03125
1 0.42734375 0.6578125 0.0265625 0.0203125
1 0.0515625 0.6546875 0.040625 0.0328125
1 0.0578125 0.409375 0.0359375 0.0328125
1 0.0171875 0.5015625 0.0296875 0.04375
1 0.171875 0.5421875 0.1640625 0.0796875
1 0.2453125 0.421875 0.0375 0.04375
1 0.40234375 0.39765625 0.06875 0.053125
1 0.521875 0.3703125 0.0796875 0.0484375
1 0.540625 0.56796875 0.0515625 0.0390625
1 0.4140625 0.5765625 0.0453125 0.025
1 0.53515625 0.43671875 0.0453125 0.0296875
1 0.51953125 0.471875 0.034375 0.025
1 0.434375 0.48046875 0.1375 0.0859375
1 0.6265625 0.49296875 0.0359375 0.0328125
1 0.69140625 0.50078125 0.09375 0.0921875
1 0.571875 0.6671875 0.0671875 0.0546875
1 0.73359375 0.3953125 0.11875 0.09375
1 0.896875 0.42578125 0.19375 0.14375
1 0.7453125 0.5828125 0.0515625 0.0359375
1 0.65859375 0.5859375 0.0359375 0.03125
1 0.85390625 0.628125 0.1484375 0.046875
1 0.72265625 0.65546875 0.1171875 0.0359375
1 0.9640625 0.5765625 0.071875 0.0484375
1 0.98515625 0.6140625 0.0296875 0.0328125
1 0.63125 0.4 0.0328125 0.0328125
1 0.11640625 0.39296875 0.0140625 0.0203125
1 0.76796875 0.47734375 0.0390625 0.0609375
1 0.2265625 0.71484375 0.1015625 0.0453125
1 0.91953125 0.52109375 0.1390625 0.0234375
1 0.08046875 0.47265625 0.0265625 0.028125