1 0.22734375 0.5109375 0.0859375 0.059375
1 0.37890625 0.4703125 0.08125 0.06875
1 0.32421875 0.521875 0.034375 0.0328125
1 0.4578125 0.53203125 0.065625 0.053125
1 0.603125 0.553125 0.065625 0.0453125
1 0.53671875 0.37578125 0.0796875 0.0453125
1 0.5546875 0.315625 0.05 0.0453125
1 0.49609375 0.325 0.0421875 0.046875
1 0.6359375 0.378125 0.046875 0.0484375
1 0.6578125 0.47578125 0.034375 0.0359375
1 0.19296875 0.371875 0.0375 0.0453125
1 0.246875 0.38125 0.0484375 0.0375
1 0.153125 0.52421875 0.0359375 0.0359375
1 0.809375 0.4875 0.121875 0.05625
1 0.89765625 0.521875 0.05 0.03125
1 0.8578125 0.37109375 0.0578125 0.0453125
1 0.9015625 0.38515625 0.021875 0.0296875
1 0.93828125 0.396875 0.04375 0.0515625
1 0.06328125 0.29375 0.03125 0.028125
1 0.1359375 0.31484375 0.0390625 0.0296875
1 0.0609375 0.3390625 0.0453125 0.0375
1 0.01640625 0.46328125 0.025 0.0296875
1 0.34609375 0.284375 0.046875 0.0421875
1 0.3203125 0.36796875 0.0546875 0.04375
1 0.2140625 0.46171875 0.053125 0.028125
1 0.971875 0.640625 0.025 0.0328125
1 0.746875 0.56328125 0.0140625 0.015625
1 0.74609375 0.60390625 0.0203125 0.0125
1 0.8078125 0.578125 0.0125 0.01875
1 0.88046875 0.55390625 0.0140625 0.015625
1 0.840625 0.63671875 0.0296875 0.040625
1 0.91171875 0.60390625 0.0171875 0.0234375
1 0.4015625 0.2953125 0.021875 0.0265625
1 0.44296875 0.31640625 0.0296875 0.03125
1 0.36953125 0.4078125 0.025 0.0234375
1 0.41796875 0.38984375 0.021875 0.025
1 0.0515625 0.40234375 0.025 0.040625
1 0.10546875 0.396875 0.0234375 0.028125
1 0.18828125 0.25859375 0.0140625 0.01875
1 0.2609375 0.3234375 0.0203125 0.021875
1 0.2046875 0.31640625 0.0109375 0.021875
1 0.25390625 0.28125 0.009375 0.0203125
1 0.02578125 0.25703125 0.021875 0.0203125
1 0.6765625 0.33671875 0.0578125 0.03125
1 0.71484375 0.3640625 0.03125 0.0375
1 0.703125 0.31015625 0.05625 0.0375
1 0.921875 0.4390625 0.0375 0.0296875
1 0.83671875 0.415625 0.0359375 0.03125
1 0.82890625 0.44140625 0.0375 0.034375
1 0.76953125 0.44140625 0.053125 0.025
1 0.665625 0.43359375 0.0203125 0.0296875
1 0.6921875 0.45 0.01875 0.021875
1 0.721875 0.4453125 0.009375 0.021875
1 0.9859375 0.434375 0.021875 0.053125
1 0.78984375 0.53828125 0.0375 0.0234375
1 0.2921875 0.4296875 0.01875 0.01875
1 0.51796875 0.41796875 0.0375 0.0265625
1 0.4953125 0.47265625 0.03125 0.0484375
1 0.54375 0.48203125 0.046875 0.0578125
1 0.5953125 0.4796875 0.05 0.04375
1 0.52578125 0.53515625 0.059375 0.059375
1 0.55234375 0.58359375 0.015625 0.01875
1 0.86015625 0.5875 0.0171875 0.0328125