1 0.56328125 0.65078125 0.028125 0.08125
1 0.65234375 0.64296875 0.0234375 0.0484375
1 0.4328125 0.43203125 0.034375 0.065625
1 0.1015625 0.61484375 0.03125 0.0703125
1 0.7203125 0.52265625 0.0234375 0.0390625
1 0.26328125 0.59765625 0.0640625 0.05
1 0.97578125 0.553125 0.0265625 0.059375
1 0.5546875 0.55703125 0.025 0.059375
1 0.59609375 0.46875 0.0203125 0.0421875
1 0.08125 0.68125 0.0421875 0.0421875
1 0.21484375 0.67421875 0.0140625 0.05625
1 0.87734375 0.38515625 0.0359375 0.0765625
1 0.94296875 0.53828125 0.0171875 0.084375
1 0.16640625 0.6078125 0.015625 0.0421875