1 0.15078125 0.56328125 0.15 0.328125
1 0.34375 0.60703125 0.103125 0.2609375
1 0.5109375 0.60703125 0.0859375 0.1734375
1 0.64375 0.8015625 0.0984375 0.1796875
1 0.84453125 0.8390625 0.06875 0.125
1 0.4890625 0.11015625 0.084375 0.1828125
1 0.2234375 0.10546875 0.1296875 0.1859375
1 0.1546875 0.24765625 0.04375 0.1296875
1 0.00703125 0.375 0.0109375 0.2234375
1 0.609375 0.3375 0.096875 0.1609375
1 0.69375 0.41015625 0.05 0.2328125
1 0.7703125 0.40703125 0.06875 0.225
1 0.8703125 0.41484375 0.1171875 0.2671875
1 0.96953125 0.73203125 0.0609375 0.2578125
1 0.7390625 0.159375 0.09375 0.084375
1 0.64765625 0.10859375 0.0390625 0.075
1 0.98984375 0.45078125 0.0203125 0.046875
1 0.94921875 0.62421875 0.0109375 0.078125
1 0.97578125 0.24765625 0.0375 0.1125
1 0.8796875 0.2046875 0.0609375 0.1546875