1 0.03046875 0.0875 0.046875 0.1296875
1 0.12890625 0.375 0.04375 0.078125
1 0.1515625 0.63828125 0.0609375 0.075
1 0.21328125 0.61953125 0.053125 0.075
1 0.29453125 0.203125 0.040625 0.078125
1 0.35 0.22578125 0.0390625 0.1015625
1 0.4 0.21796875 0.0453125 0.109375
1 0.35546875 0.0953125 0.0546875 0.0640625
1 0.2546875 0.134375 0.03125 0.059375
1 0.30390625 0.134375 0.021875 0.0453125
1 0.53046875 0.2296875 0.0265625 0.0859375
1 0.47421875 0.434375 0.034375 0.0640625
1 0.5453125 0.66015625 0.04375 0.053125
1 0.584375 0.38984375 0.0265625 0.078125
1 0.690625 0.79296875 0.046875 0.071875
1 0.24765625 0.71796875 0.0234375 0.0421875
1 0.64765625 0.5484375 0.034375 0.0375
1 0.66484375 0.38984375 0.04375 0.0640625
1 0.690625 0.21796875 0.04375 0.0703125
1 0.6515625 0.28515625 0.0203125 0.0484375
1 0.58359375 0.1828125 0.0796875 0.1046875
1 0.7453125 0.1234375 0.0359375 0.059375
1 0.8078125 0.278125 0.03125 0.0640625
1 0.79375 0.4125 0.059375 0.109375
1 0.89296875 0.2390625 0.04375 0.0671875
1 0.9 0.3453125 0.04375 0.0625
1 0.96796875 0.3640625 0.03125 0.09375
1 0.84609375 0.60078125 0.046875 0.090625
1 0.83828125 0.79140625 0.0390625 0.053125
1 0.89375 0.8765625 0.034375 0.0671875
1 0.51875 0.73671875 0.065625 0.0859375
1 0.42109375 0.02265625 0.0515625 0.0375
1 0.99140625 0.625 0.0171875 0.071875
1 0.44453125 0.13046875 0.0140625 0.053125
1 0.31640625 0.54140625 0.0203125 0.015625
1 0.0796875 0.1828125 0.028125 0.059375
1 0.715625 0.075 0.0125 0.0375
1 0.71015625 0.53359375 0.0265625 0.0296875
1 0.30546875 0.7296875 0.0234375 0.0421875
1 0.90703125 0.66015625 0.0296875 0.0375
1 0.95078125 0.69375 0.0328125 0.075
1 0.19296875 0.2890625 0.0359375 0.0640625
1 0.25546875 0.27578125 0.03125 0.059375
1 0.30390625 0.59296875 0.021875 0.0515625
1 0.5046875 0.53359375 0.0234375 0.0375
1 0.571875 0.528125 0.025 0.0625
1 0.59296875 0.00546875 0.028125 0.0046875