3 0.309375 0.0609375 0.2375 0.115625
3 0.3109375 0.2078125 0.259375 0.184375
3 0.3375 0.4078125 0.25625 0.221875
3 0.3453125 0.61875 0.290625 0.2125
3 0.59375 0.6140625 0.26875 0.228125
3 0.5828125 0.3953125 0.271875 0.209375
3 0.534375 0.209375 0.2375 0.18125
3 0.5078125 0.0640625 0.215625 0.121875
3 0.7609375 0.2203125 0.253125 0.203125
3 0.821875 0.425 0.275 0.2125
3 0.85625 0.6140625 0.2875 0.228125
3 0.1140625 0.6203125 0.221875 0.221875
3 0.1109375 0.4046875 0.215625 0.221875
3 0.096875 0.1984375 0.1875 0.196875