0 0.3828125 0.6328125 0.084375 0.109375
0 0.5859375 0.9203125 0.103125 0.109375
0 0.5453125 0.6609375 0.071875 0.065625
0 0.709375 0.715625 0.0875 0.075
0 0.45 0.4421875 0.1 0.065625
0 0.5671875 0.38125 0.084375 0.06875
0 0.16875 0.4140625 0.075 0.071875
0 0.28125 0.5109375 0.05 0.040625
0 0.0890625 0.3078125 0.059375 0.059375
0 0.2265625 0.23125 0.059375 0.025
0 0.2109375 0.1375 0.090625 0.08125
0 0.6171875 0.525 0.046875 0.0625
0 0.3828125 0.7125 0.040625 0.04375
0 0.5125 0.765625 0.05625 0.0375
0 0.671875 0.4046875 0.09375 0.078125
0 0.8484375 0.534375 0.059375 0.05