0 0.63359375 0.5224609375 0.0140625 0.029296875
0 0.64765625 0.47265625 0.0171875 0.0390625
0 0.58671875 0.453125 0.0203125 0.04296875
0 0.53671875 0.4697265625 0.0171875 0.041015625
0 0.42265625 0.654296875 0.0140625 0.03515625
0 0.39140625 0.6767578125 0.0203125 0.033203125
0 0.40703125 0.734375 0.0140625 0.03515625
0 0.46328125 0.7421875 0.0140625 0.03125
0 0.48984375 0.77734375 0.0171875 0.0390625
0 0.39453125 0.771484375 0.0171875 0.04296875
0 0.334375 0.767578125 0.015625 0.03515625
0 0.3609375 0.833984375 0.015625 0.0390625