0 0.11328125 0.3212890625 0.0171875 0.025390625
0 0.2625 0.40625 0.015625 0.03515625
0 0.3046875 0.9140625 0.015625 0.03515625
0 0.28359375 0.400390625 0.0171875 0.03125
0 0.31328125 0.3984375 0.0171875 0.0390625
0 0.33515625 0.37890625 0.0171875 0.03125
0 0.35546875 0.384765625 0.0140625 0.02734375
0 0.4765625 0.3212890625 0.0125 0.029296875
0 0.53515625 0.3203125 0.0140625 0.03125
0 0.49140625 0.3076171875 0.0109375 0.021484375
0 0.4875 0.287109375 0.0125 0.0234375
0 0.903125 0.0703125 0.0125 0.02734375
0 0.91796875 0.0439453125 0.0078125 0.025390625