0 0.83125 0.248046875 0.025 0.03515625
0 0.765625 0.2998046875 0.021875 0.033203125
0 0.7203125 0.318359375 0.025 0.0390625
0 0.69609375 0.3232421875 0.0203125 0.041015625
0 0.55234375 0.64453125 0.0265625 0.03125
0 0.54609375 0.7529296875 0.0234375 0.033203125
0 0.53515625 0.673828125 0.0265625 0.03125
0 0.515625 0.681640625 0.01875 0.03125
0 0.54375 0.8134765625 0.01875 0.029296875
0 0.471875 0.6826171875 0.021875 0.029296875
0 0.45859375 0.7587890625 0.0234375 0.037109375
0 0.50625 0.814453125 0.03125 0.05078125