0 0.94921875 0.8525390625 0.0171875 0.048828125
0 0.915625 0.8701171875 0.01875 0.037109375
0 0.6125 0.7685546875 0.021875 0.033203125
0 0.596875 0.7177734375 0.021875 0.041015625
0 0.590625 0.74609375 0.015625 0.0234375
0 0.59453125 0.779296875 0.0140625 0.03125
0 0.57109375 0.7470703125 0.0203125 0.017578125
0 0.57421875 0.7685546875 0.0171875 0.029296875
0 0.575 0.7919921875 0.015625 0.025390625
0 0.61640625 0.5068359375 0.0140625 0.033203125
0 0.60546875 0.5107421875 0.0140625 0.029296875
0 0.5875 0.5068359375 0.015625 0.029296875
0 0.5875 0.5322265625 0.01875 0.029296875
0 0.55390625 0.5029296875 0.0140625 0.021484375
0 0.5609375 0.5166015625 0.015625 0.021484375
0 0.5640625 0.54296875 0.015625 0.03515625
0 0.54765625 0.5546875 0.0171875 0.0234375
0 0.8984375 0.1513671875 0.015625 0.048828125
0 0.86015625 0.16796875 0.0140625 0.03515625
0 0.85234375 0.1435546875 0.0140625 0.037109375
0 0.79453125 0.138671875 0.0171875 0.03515625
0 0.771875 0.0859375 0.015625 0.02734375
0 0.77109375 0.1201171875 0.0140625 0.029296875
0 0.771875 0.1533203125 0.015625 0.029296875
0 0.73984375 0.1015625 0.0140625 0.03125